[msquery.cue]
left=0.698438
top=0.150000
lleft=0.223438
ltop=0.150000
